StandAge	Value	CV	nVariable	nSite
2	0.6973	0.3	8	2
3.3333333333	17.1499	0.3	8	2
3.9166666667	33.0975	0.3	8	2
4.3333333333	49.4257	0.3	8	2
4.9166666667	59.0264	0.3	8	2
5.3333333333	76.3911	0.3	8	2
5.9166666667	93.5461	0.3	8	2
6.9166666667	130.2576	0.3	8	2
2	1.8342	0.3	8	3
3.3333333333	28.7414	0.3	8	3
3.9166666667	51.242	0.3	8	3
4.3333333333	76.4625	0.3	8	3
4.9166666667	88.7768	0.3	8	3
5.3333333333	108.7086	0.3	8	3
5.9166666667	127.9848	0.3	8	3
6.9166666667	172.062	0.3	8	3
2	1.737	0.3	8	4
3.3333333333	33.2384	0.3	8	4
3.9166666667	58.9669	0.3	8	4
4.3333333333	85.5463	0.3	8	4
4.9166666667	107.0077	0.3	8	4
5.3333333333	125.2173	0.3	8	4
5.9166666667	164.5243	0.3	8	4
6.9166666667	228.0716	0.3	8	4
2	2.1364	0.3	8	5
3.3333333333	41.365	0.3	8	5
3.9166666667	76.7453	0.3	8	5
4.3333333333	108.7193	0.3	8	5
4.9166666667	140.9551	0.3	8	5
5.3333333333	154.3308	0.3	8	5
5.9166666667	196.5941	0.3	8	5
6.9166666667	268.0397	0.3	8	5
1.3333333333	0.114	0.2	7	2
2	0.90602	0.2	7	2
3	7.83712	0.2	7	2
4.0833333333	21.21796	0.2	7	2
6.8333333333	75.23341	0.2	7	2
1.3333333333	0.18464	0.2	7	3
2	1.39964	0.2	7	3
3	11.82974	0.2	7	3
4.0833333333	30.62815	0.2	7	3
6.8333333333	94.87273	0.2	7	3
1.3333333333	0.1603	0.2	7	4
2	2.29964	0.2	7	4
3	12.81331	0.2	7	4
4.0833333333	31.71067	0.2	7	4
6.8333333333	115.0477	0.2	7	4
1.3333333333	0.16749	0.2	7	5
2	3.12067	0.2	7	5
3	21.8701	0.2	7	5
4.0833333333	46.02574	0.2	7	5
6.8333333333	130.0742	0.2	7	5
2	0.43	0.4	6	2
3	1.86	0.4	6	2
6.8333333333	24.13	0.4	6	2
2	0.45	0.4	6	3
3	2.27	0.4	6	3
6.8333333333	23.27	0.4	6	3
2	0.72	0.4	6	4
3	2.55	0.4	6	4
6.8333333333	27.36	0.4	6	4
2	0.78	0.4	6	5
3	2.93	0.4	6	5
6.8333333333	39.74	0.4	6	5
1.3333333333	0.07029	0.3	5	2
2	0.72954	0.3	5	2
3	2.16061	0.3	5	2
4.0833333333	4.58401	0.3	5	2
6.8333333333	9.6671	0.3	5	2
1.3333333333	0.07556	0.3	5	3
2	0.99234	0.3	5	3
3	3.15856	0.3	5	3
4.0833333333	5.43551	0.3	5	3
6.8333333333	11.63167	0.3	5	3
1.3333333333	0.0571	0.3	5	4
2	1.36672	0.3	5	4
3	2.95341	0.3	5	4
4.0833333333	5.64662	0.3	5	4
6.8333333333	11.14254	0.3	5	4
1.3333333333	0.0577	0.3	5	5
2	1.54226	0.3	5	5
3	4.34228	0.3	5	5
4.0833333333	6.90984	0.3	5	5
6.8333333333	10.27507	0.3	5	5
2	2.706	0.2	4	2
3.3333333333	7.16176	0.2	4	2
3.9166666667	9.44748	0.2	4	2
4.3333333333	11.30462	0.2	4	2
4.9166666667	11.78571	0.2	4	2
5.3333333333	12.76261	0.2	4	2
5.9166666667	13.91387	0.2	4	2
6.9166666667	15.9895	0.2	4	2
2	3.31613	0.2	4	3
3.3333333333	8.3072	0.2	4	3
3.9166666667	10.50424	0.2	4	3
4.3333333333	12.48529	0.2	4	3
4.9166666667	13.51724	0.2	4	3
5.3333333333	14.30819	0.2	4	3
5.9166666667	15.18319	0.2	4	3
6.9166666667	17.39565	0.2	4	3
2	3.30134	0.2	4	4
3.3333333333	8.80625	0.2	4	4
3.9166666667	11.35672	0.2	4	4
4.3333333333	13.62185	0.2	4	4
4.9166666667	14.13235	0.2	4	4
5.3333333333	14.81303	0.2	4	4
5.9166666667	16.85378	0.2	4	4
6.9166666667	19.7458	0.2	4	4
2	3.47252	0.2	4	5
3.3333333333	9.39111	0.2	4	5
3.9166666667	12.23504	0.2	4	5
4.3333333333	14.77991	0.2	4	5
4.9166666667	15.72198	0.2	4	5
5.3333333333	15.59052	0.2	4	5
5.9166666667	17.22826	0.2	4	5
6.9166666667	20.32813	0.2	4	5
9	10.09	0.1	3	1
10	10.63	0.1	3	1
12	11.36	0.1	3	1
13	11.3	0.1	3	1
2	2.22909	0.1	3	2
3.3333333333	7.16176	0.1	3	2
3.9166666667	8.7105	0.1	3	2
4.3333333333	9.85126	0.1	3	2
4.9166666667	10.55966	0.1	3	2
5.3333333333	11.62605	0.1	3	2
5.9166666667	12.32479	0.1	3	2
6.9166666667	13.57227	0.1	3	2
2	3.30336	0.1	3	3
3.3333333333	8.99619	0.1	3	3
3.9166666667	10.74237	0.1	3	3
4.3333333333	12.06176	0.1	3	3
4.9166666667	12.65345	0.1	3	3
5.3333333333	13.62672	0.1	3	3
5.9166666667	14.35647	0.1	3	3
6.9166666667	15.6387	0.1	3	3
2	3.23109	0.1	3	4
3.3333333333	9.22917	0.1	3	4
3.9166666667	10.96429	0.1	3	4
4.3333333333	12.05588	0.1	3	4
4.9166666667	13.32101	0.1	3	4
5.3333333333	14.1042	0.1	3	4
5.9166666667	15.16303	0.1	3	4
6.9166666667	16.39244	0.1	3	4
2	3.4437	0.1	3	5
3.3333333333	10.29017	0.1	3	5
3.9166666667	12.34829	0.1	3	5
4.3333333333	13.33419	0.1	3	5
4.9166666667	14.83319	0.1	3	5
5.3333333333	15.58793	0.1	3	5
5.9166666667	16.84	0.1	3	5
6.9166666667	18.30179	0.1	3	5
9.8333333333	0.847658503	0.3	2	1
9.9166666667	0.737747843	0.3	2	1
10	0.992710358	0.3	2	1
10.0833333333	0.944788862	0.3	2	1
10.1666666667	0.956967891	0.3	2	1
10.25	1.186654041	0.3	2	1
10.3333333333	0.878068407	0.3	2	1
10.4166666667	0.599183145	0.3	2	1
10.5	0.623953504	0.3	2	1
10.5833333333	0.286150757	0.3	2	1
10.6666666667	0.133312986	0.3	2	1
10.75	0.32896432	0.3	2	1
10.8333333333	0.180843415	0.3	2	1
10.9166666667	0.340660518	0.3	2	1
11	0.294041174	0.3	2	1
11.0833333333	0.778452035	0.3	2	1
11.1666666667	0.62369441	0.3	2	1
11.25	1.240924944	0.3	2	1
11.3333333333	0.993666664	0.3	2	1
11.4166666667	0.820465384	0.3	2	1
11.5	0.756262721	0.3	2	1
11.5833333333	0.351345459	0.3	2	1
11.6666666667	0.116307945	0.3	2	1
11.75	0.099984746	0.3	2	1
11.8333333333	0.345863776	0.3	2	1
11.9166666667	0.475154181	0.3	2	1
12	0.672328986	0.3	2	1
12.0833333333	0.618098843	0.3	2	1
12.1666666667	0.53635273	0.3	2	1
12.25	0.822006699	0.3	2	1
12.3333333333	0.568653791	0.3	2	1
12.4166666667	0.191314672	0.3	2	1
12.5	-2.27E-02	0.3	2	1
12.5833333333	-0.162257532	0.3	2	1
12.6666666667	-0.149795398	0.3	2	1
12.75	-0.12432954	0.3	2	1
12.8333333333	0.180473282	0.3	2	1
12.9166666667	0.355578271	0.3	2	1

